525 488
542 485
559 482
577 479
593 476
610 472
626 470
644 466
658 464
529 492
547 490
565 487
581 484
599 480
616 477
632 474
649 471
665 468
534 498
553 495
570 492
588 488
605 486
622 482
639 479
656 475
672 472
540 504
558 499
576 497
594 494
611 490
629 487
646 484
663 479
679 476
546 510
564 505
583 503
600 499
619 496
636 491
653 489
671 485
688 481
552 516
571 512
589 508
607 504
626 501
643 497
661 493
678 490
696 486
558 521
577 519
596 514
614 510
632 506
651 502
668 499
686 495
705 492
563 527
583 524
603 519
621 516
640 512
659 509
677 504
696 500
711 496
