622 529
644 531
663 534
685 537
704 540
725 543
746 546
767 548
790 552
616 535
636 538
657 541
678 545
700 547
721 551
742 553
764 557
784 560
609 541
628 544
650 548
672 551
693 555
715 557
735 561
759 564
781 567
600 547
622 551
643 556
665 559
686 562
708 566
731 568
754 572
776 575
592 555
615 558
636 563
658 566
680 570
703 573
725 577
748 579
772 582
584 563
606 567
628 570
651 575
674 579
696 581
720 585
743 588
766 592
575 570
597 575
619 579
643 583
666 587
689 590
713 595
738 598
762 602
566 579
588 582
611 586
635 591
658 596
683 599
707 603
731 607
756 610
